0,2,136~0,4,136
6,1,163~6,3,163
0,4,134~0,7,134
4,9,287~6,9,287
5,0,105~5,2,105
1,7,19~3,7,19
5,2,213~7,2,213
0,8,139~1,8,139
9,7,50~9,7,50
9,1,138~9,3,138
8,1,56~8,3,56
8,2,177~8,4,177
7,7,112~8,7,112
3,4,39~3,4,41
1,3,26~3,3,26
5,5,147~5,7,147
7,5,107~7,7,107
7,6,253~7,6,255
6,0,134~8,0,134
1,1,167~3,1,167
5,7,34~5,9,34
5,1,178~5,3,178
5,4,35~5,6,35
7,5,122~9,5,122
6,2,56~6,5,56
3,5,185~3,5,187
7,3,111~9,3,111
3,6,207~3,7,207
4,9,170~5,9,170
6,4,12~9,4,12
0,2,46~2,2,46
0,4,265~0,6,265
3,7,3~6,7,3
3,7,8~3,9,8
6,4,173~7,4,173
3,7,223~3,9,223
7,5,165~7,7,165
1,6,22~1,8,22
2,5,130~4,5,130
8,4,134~8,7,134
9,5,48~9,8,48
8,7,159~9,7,159
8,0,59~8,2,59
9,7,115~9,8,115
3,1,98~3,3,98
7,1,75~8,1,75
4,3,42~6,3,42
5,2,227~7,2,227
0,8,65~3,8,65
2,6,95~5,6,95
2,6,55~2,8,55
4,7,229~4,8,229
4,0,28~4,2,28
7,4,254~8,4,254
1,0,106~1,3,106
2,0,116~2,3,116
2,6,107~2,8,107
0,0,99~1,0,99
3,5,122~3,8,122
3,1,209~4,1,209
2,2,124~2,4,124
1,5,35~1,7,35
7,7,170~7,9,170
6,8,104~8,8,104
0,1,52~0,3,52
5,5,142~8,5,142
6,7,160~6,8,160
7,1,115~7,2,115
5,0,95~5,2,95
6,7,150~7,7,150
4,2,45~4,4,45
6,4,295~9,4,295
9,3,43~9,6,43
9,0,100~9,2,100
4,2,36~5,2,36
1,5,251~1,7,251
6,4,264~6,7,264
1,6,104~2,6,104
5,4,11~5,7,11
4,3,92~4,3,94
6,3,87~9,3,87
9,0,2~9,1,2
5,3,231~5,3,233
7,3,84~7,7,84
1,4,29~4,4,29
2,7,44~2,7,46
8,5,262~9,5,262
4,7,134~5,7,134
3,6,85~5,6,85
1,8,46~3,8,46
0,2,3~0,2,5
0,7,111~2,7,111
8,6,220~8,8,220
5,0,194~6,0,194
5,4,206~5,7,206
1,1,274~1,4,274
3,5,72~3,6,72
6,2,192~6,4,192
0,2,273~0,5,273
0,7,109~0,7,109
0,7,139~3,7,139
4,5,300~5,5,300
3,6,241~6,6,241
9,4,174~9,6,174
6,2,245~6,5,245
3,4,120~5,4,120
4,2,175~7,2,175
0,0,94~2,0,94
8,6,28~9,6,28
0,1,111~2,1,111
1,6,89~4,6,89
2,5,34~2,5,35
9,0,201~9,2,201
8,7,7~8,7,9
2,7,99~2,9,99
1,7,232~3,7,232
9,4,217~9,7,217
6,4,116~9,4,116
3,9,103~4,9,103
3,5,78~3,5,80
4,0,225~4,0,228
4,4,14~4,7,14
2,4,280~2,6,280
8,2,119~8,5,119
6,5,290~7,5,290
1,0,290~1,3,290
3,0,280~3,3,280
6,3,204~6,4,204
3,8,182~3,8,185
4,1,268~4,3,268
7,5,124~7,6,124
0,6,139~0,6,139
3,5,66~3,5,68
3,7,225~3,7,226
1,9,13~2,9,13
4,0,45~4,1,45
3,8,32~5,8,32
0,6,279~4,6,279
3,2,270~6,2,270
6,8,44~8,8,44
9,5,177~9,7,177
5,4,78~5,7,78
2,7,143~4,7,143
3,8,61~5,8,61
0,5,263~0,6,263
2,6,223~2,6,223
5,7,118~5,9,118
1,1,55~2,1,55
5,5,283~8,5,283
4,5,12~4,7,12
0,0,140~0,2,140
9,7,9~9,8,9
0,1,154~0,2,154
0,4,193~0,5,193
4,3,24~7,3,24
3,1,189~4,1,189
7,9,112~8,9,112
6,3,5~6,7,5
4,7,86~4,8,86
2,5,126~2,5,129
3,2,111~5,2,111
1,5,224~2,5,224
8,0,132~8,1,132
0,4,58~0,7,58
0,7,259~0,9,259
0,7,97~2,7,97
7,0,289~7,2,289
4,8,157~7,8,157
5,0,136~7,0,136
5,3,110~6,3,110
6,5,85~8,5,85
7,6,167~8,6,167
8,2,152~8,2,156
3,1,79~5,1,79
5,8,278~5,8,281
5,5,172~7,5,172
6,4,176~6,4,178
2,4,165~2,8,165
7,0,180~7,2,180
9,3,56~9,4,56
2,8,179~4,8,179
4,0,274~4,2,274
3,4,243~6,4,243
1,0,97~1,2,97
4,8,134~6,8,134
6,9,173~8,9,173
3,9,100~5,9,100
3,1,4~3,3,4
7,4,247~7,6,247
7,1,95~9,1,95
7,0,21~7,1,21
3,9,12~3,9,13
1,8,256~1,8,258
5,2,45~5,4,45
7,3,158~7,4,158
2,1,7~5,1,7
4,4,307~7,4,307
8,3,256~8,5,256
4,6,16~6,6,16
5,5,141~6,5,141
5,9,271~7,9,271
6,4,166~8,4,166
5,1,215~7,1,215
3,1,172~6,1,172
2,6,113~5,6,113
8,0,38~8,1,38
1,2,36~1,4,36
6,2,170~8,2,170
1,8,249~2,8,249
7,6,67~9,6,67
6,4,301~6,5,301
4,5,237~5,5,237
2,8,167~2,9,167
7,1,79~8,1,79
9,4,36~9,5,36
8,7,12~8,7,12
0,2,267~2,2,267
5,3,161~9,3,161
0,6,166~2,6,166
2,5,290~2,8,290
8,5,155~8,7,155
3,1,25~3,4,25
8,4,89~8,6,89
2,1,143~2,3,143
9,2,90~9,4,90
0,1,139~0,3,139
6,5,152~6,7,152
9,7,225~9,9,225
1,5,95~3,5,95
1,2,148~2,2,148
6,2,10~6,2,13
6,5,151~8,5,151
9,0,164~9,1,164
9,2,287~9,2,289
3,4,201~3,4,204
4,4,149~4,6,149
1,4,59~4,4,59
9,1,28~9,3,28
4,9,63~6,9,63
6,4,246~6,7,246
4,6,101~5,6,101
1,5,83~3,5,83
2,0,10~2,0,12
0,9,178~2,9,178
4,8,42~4,8,44
2,7,64~4,7,64
5,5,59~5,6,59
7,0,94~9,0,94
6,6,46~8,6,46
7,6,127~7,8,127
8,4,50~8,4,51
2,3,55~6,3,55
8,5,92~8,6,92
9,6,247~9,8,247
9,2,140~9,2,142
9,7,36~9,9,36
4,9,35~7,9,35
9,1,229~9,2,229
5,0,278~5,1,278
4,5,156~4,6,156
0,4,9~1,4,9
0,7,117~0,9,117
5,5,297~5,7,297
2,2,220~2,3,220
7,0,227~7,1,227
1,1,180~1,3,180
9,2,137~9,3,137
8,1,171~8,1,172
5,7,117~5,9,117
4,9,255~4,9,258
6,5,145~6,7,145
2,8,257~3,8,257
5,8,274~6,8,274
4,9,96~6,9,96
6,4,47~9,4,47
5,7,209~8,7,209
9,6,114~9,8,114
0,1,55~0,4,55
4,3,109~4,4,109
5,6,36~5,6,38
2,0,270~2,2,270
9,6,37~9,8,37
0,1,243~3,1,243
4,5,16~7,5,16
7,1,15~7,4,15
2,3,90~4,3,90
7,0,224~9,0,224
3,1,273~3,3,273
4,1,130~7,1,130
4,6,59~4,8,59
6,4,288~6,7,288
0,6,33~2,6,33
6,8,277~7,8,277
3,7,283~3,8,283
1,3,48~1,4,48
3,6,49~3,8,49
5,4,137~8,4,137
7,7,98~7,9,98
4,3,1~4,6,1
0,8,67~1,8,67
3,8,247~5,8,247
0,6,102~0,8,102
4,0,5~7,0,5
1,1,183~1,2,183
3,4,149~3,6,149
1,1,113~1,1,116
9,6,31~9,8,31
5,3,130~7,3,130
1,6,115~1,8,115
5,8,4~6,8,4
0,9,242~3,9,242
1,2,58~1,4,58
7,5,101~7,8,101
2,1,291~2,3,291
9,4,78~9,6,78
0,4,191~0,6,191
6,6,62~6,6,65
7,4,174~7,4,176
5,0,191~7,0,191
0,3,296~0,3,298
5,6,302~5,7,302
3,7,159~3,9,159
7,4,259~7,5,259
4,0,85~4,2,85
6,0,286~7,0,286
4,2,276~4,2,276
2,6,31~5,6,31
1,1,101~3,1,101
6,0,210~6,0,213
6,1,60~6,4,60
2,0,98~2,2,98
3,2,101~3,3,101
1,9,11~3,9,11
5,2,237~5,3,237
7,5,152~7,8,152
9,8,50~9,9,50
5,6,88~5,8,88
9,6,181~9,8,181
4,1,129~6,1,129
6,0,109~7,0,109
3,0,139~5,0,139
2,3,277~2,6,277
3,3,265~5,3,265
4,3,35~4,4,35
2,3,273~2,6,273
7,8,155~7,9,155
2,2,70~2,3,70
2,4,168~2,6,168
7,2,92~7,5,92
3,2,284~3,5,284
2,0,236~2,3,236
6,1,126~6,5,126
8,4,132~8,7,132
0,1,39~0,4,39
5,2,27~5,2,30
8,5,113~8,8,113
4,4,28~4,6,28
3,8,275~3,9,275
4,5,17~7,5,17
3,8,255~6,8,255
0,7,256~2,7,256
6,2,298~6,4,298
4,7,296~6,7,296
4,8,115~6,8,115
0,6,99~0,8,99
3,3,172~3,6,172
9,0,24~9,3,24
0,6,262~1,6,262
1,3,7~1,3,9
6,1,115~6,2,115
7,6,264~7,8,264
8,1,282~8,3,282
1,0,167~1,0,167
4,6,225~4,9,225
4,8,239~4,9,239
4,1,29~8,1,29
4,6,115~5,6,115
5,2,271~5,2,272
5,4,286~8,4,286
7,8,164~7,8,164
8,4,78~8,5,78
9,6,131~9,9,131
2,7,145~4,7,145
3,5,117~3,7,117
7,5,103~7,7,103
0,3,95~3,3,95
2,6,215~5,6,215
6,2,76~6,2,77
3,1,188~6,1,188
2,2,22~5,2,22
1,2,7~2,2,7
3,9,61~5,9,61
6,1,76~6,1,78
5,5,110~7,5,110
5,5,33~5,5,34
9,6,111~9,7,111
3,4,245~5,4,245
8,5,156~8,7,156
4,3,272~5,3,272
4,2,150~6,2,150
5,2,72~5,3,72
0,6,147~0,9,147
0,0,157~0,2,157
0,5,187~0,5,189
1,1,53~1,4,53
3,5,37~5,5,37
0,8,97~1,8,97
6,3,31~6,4,31
6,2,59~6,3,59
4,6,299~4,8,299
6,1,61~6,3,61
2,6,239~2,9,239
5,8,238~8,8,238
3,7,245~3,9,245
4,3,7~4,6,7
4,5,255~4,7,255
2,6,231~3,6,231
1,7,186~1,9,186
2,7,83~5,7,83
6,6,212~6,7,212
1,1,12~1,3,12
2,3,200~5,3,200
7,4,130~9,4,130
6,0,283~8,0,283
5,6,209~8,6,209
0,0,8~0,2,8
2,1,160~2,4,160
9,2,202~9,5,202
4,2,82~4,5,82
8,2,90~8,3,90
1,6,248~1,9,248
7,5,146~8,5,146
9,5,167~9,7,167
8,3,58~8,5,58
1,9,187~2,9,187
0,8,158~1,8,158
2,4,199~4,4,199
0,4,59~0,6,59
5,5,87~8,5,87
0,1,155~0,3,155
1,3,3~1,3,5
0,7,6~0,9,6
8,3,2~9,3,2
0,2,40~0,3,40
3,0,190~5,0,190
4,6,201~4,7,201
2,0,239~2,0,239
4,7,24~4,7,27
5,1,210~5,4,210
2,2,289~2,5,289
4,6,253~4,7,253
8,3,44~9,3,44
0,4,194~0,5,194
2,1,43~3,1,43
6,2,19~8,2,19
6,2,249~6,5,249
2,9,126~5,9,126
0,3,10~0,6,10
8,3,219~8,5,219
1,2,43~1,5,43
3,3,62~3,5,62
2,6,49~2,8,49
7,3,222~8,3,222
4,1,31~5,1,31
7,3,170~7,6,170
2,4,207~2,4,210
9,2,40~9,2,42
5,4,101~7,4,101
5,5,252~7,5,252
2,1,24~2,3,24
6,6,173~9,6,173
1,6,100~1,8,100
1,2,224~3,2,224
3,3,269~5,3,269
6,0,36~8,0,36
1,6,103~1,7,103
3,7,89~3,9,89
2,2,5~4,2,5
1,7,180~1,9,180
9,5,260~9,7,260
5,9,169~7,9,169
6,4,255~6,6,255
3,6,141~3,7,141
2,9,44~4,9,44
5,8,257~7,8,257
1,3,111~1,5,111
1,4,103~4,4,103
8,7,214~9,7,214
9,6,263~9,9,263
5,5,128~7,5,128
8,4,46~9,4,46
1,5,75~3,5,75
9,1,43~9,2,43
2,7,114~5,7,114
2,0,242~2,1,242
4,6,103~6,6,103
3,5,107~6,5,107
5,2,17~5,2,21
0,0,158~1,0,158
1,6,55~1,8,55
9,4,292~9,5,292
9,5,34~9,7,34
7,3,249~7,5,249
5,6,18~7,6,18
4,3,198~4,6,198
2,0,41~2,2,41
2,8,113~3,8,113
7,5,260~8,5,260
0,2,152~2,2,152
7,6,250~9,6,250
6,4,147~6,5,147
5,4,140~5,5,140
5,1,108~5,3,108
6,0,230~7,0,230
2,1,279~4,1,279
1,2,172~4,2,172
8,5,253~8,6,253
4,8,236~5,8,236
7,5,90~8,5,90
2,7,230~2,9,230
2,1,121~2,1,125
7,6,265~7,6,266
8,1,139~9,1,139
7,4,167~7,4,169
0,2,73~3,2,73
5,1,147~5,2,147
4,5,241~4,5,244
1,6,252~1,7,252
2,1,164~3,1,164
9,3,40~9,4,40
5,5,81~7,5,81
0,1,120~2,1,120
1,5,169~1,6,169
2,6,10~6,6,10
3,0,97~6,0,97
4,7,166~5,7,166
2,9,133~4,9,133
6,1,75~6,2,75
8,2,93~9,2,93
7,8,223~9,8,223
1,9,170~3,9,170
2,9,64~2,9,64
5,3,15~5,3,17
8,2,291~8,4,291
2,9,62~3,9,62
1,3,263~3,3,263
0,9,148~0,9,148
1,3,166~3,3,166
8,2,128~8,6,128
5,4,150~6,4,150
4,3,3~5,3,3
4,1,210~4,1,212
4,2,292~4,4,292
6,4,115~7,4,115
4,0,230~5,0,230
7,2,36~8,2,36
5,7,139~5,7,139
1,4,283~3,4,283
9,3,134~9,6,134
4,0,98~4,0,98
2,5,252~2,7,252
1,3,181~1,3,184
7,5,36~8,5,36
5,4,207~5,5,207
1,6,94~1,8,94
2,6,110~2,8,110
1,5,32~4,5,32
8,4,285~8,5,285
8,7,165~8,9,165
4,1,145~4,4,145
2,7,17~4,7,17
0,6,73~0,8,73
0,5,137~0,8,137
3,0,40~4,0,40
5,2,148~5,2,149
4,3,9~6,3,9
8,1,32~8,3,32
1,6,73~3,6,73
3,7,22~5,7,22
3,7,156~3,9,156
5,9,137~7,9,137
5,7,128~5,8,128
3,4,175~3,6,175
2,4,123~2,7,123
3,0,43~3,0,46
1,4,189~3,4,189
2,0,222~4,0,222
2,2,167~2,4,167
6,7,274~7,7,274
0,2,269~0,4,269
4,6,257~4,7,257
5,1,277~7,1,277
8,8,13~8,8,13
1,1,233~1,3,233
0,9,1~0,9,4
7,3,270~7,5,270
4,0,141~4,0,142
2,4,143~2,5,143
8,5,24~8,7,24
5,3,273~6,3,273
6,2,114~8,2,114
5,4,266~7,4,266
3,0,120~3,3,120
9,1,228~9,3,228
4,7,301~7,7,301
1,1,295~1,1,295
5,2,212~5,3,212
3,3,187~4,3,187
5,1,126~5,3,126
4,2,184~6,2,184
1,8,252~3,8,252
1,0,150~1,3,150
2,2,8~2,5,8
6,9,175~6,9,177
8,1,117~8,3,117
8,2,288~8,5,288
0,7,288~0,9,288
1,3,152~1,3,154
7,0,203~9,0,203
1,1,14~1,2,14
7,0,279~7,2,279
5,5,286~7,5,286
1,0,47~4,0,47
5,0,283~5,1,283
4,1,74~7,1,74
1,8,253~3,8,253
3,0,193~3,2,193
6,1,36~6,2,36
5,4,269~5,7,269
4,8,300~5,8,300
5,2,234~8,2,234
3,0,42~4,0,42
7,1,297~7,2,297
0,8,70~1,8,70
4,1,276~7,1,276
6,9,180~9,9,180
6,3,147~8,3,147
6,4,267~6,4,270
2,4,102~2,7,102
7,0,77~7,1,77
1,5,135~1,6,135
2,1,163~2,4,163
3,9,173~4,9,173
9,8,267~9,9,267
0,6,131~2,6,131
3,5,190~3,5,192
0,9,15~3,9,15
2,3,218~2,6,218
8,2,27~9,2,27
3,0,117~5,0,117
7,0,212~7,2,212
0,2,179~2,2,179
3,2,184~3,5,184
0,3,97~2,3,97
4,4,88~4,6,88
0,0,293~2,0,293
3,2,176~5,2,176
3,7,170~6,7,170
2,6,53~2,8,53
4,7,122~6,7,122
9,8,249~9,8,252
6,4,253~9,4,253
2,2,186~2,3,186
5,7,211~5,7,211
6,0,222~8,0,222
2,2,271~4,2,271
3,3,143~3,5,143
2,4,99~4,4,99
7,1,228~7,1,228
6,6,272~6,8,272
8,1,168~9,1,168
0,6,1~0,7,1
8,2,129~8,2,131
1,8,52~3,8,52
0,8,114~0,8,115
5,2,12~5,3,12
0,8,188~1,8,188
8,4,145~8,4,148
1,3,55~1,5,55
3,0,51~3,2,51
6,8,3~9,8,3
8,6,174~8,8,174
6,9,216~7,9,216
7,0,291~7,0,293
3,5,133~3,7,133
1,5,238~4,5,238
9,4,162~9,7,162
1,5,150~4,5,150
7,9,167~9,9,167
8,3,144~8,5,144
1,9,10~3,9,10
0,0,295~4,0,295
6,1,198~6,3,198
2,4,57~2,6,57
9,2,180~9,5,180
0,0,1~0,1,1
1,8,131~4,8,131
4,5,124~4,7,124
1,6,246~4,6,246
1,0,153~2,0,153
5,1,78~5,3,78
1,5,69~3,5,69
3,8,92~3,9,92
6,3,252~7,3,252
8,6,299~8,7,299
6,0,33~6,1,33
3,0,245~3,1,245
4,8,66~4,9,66
8,2,174~8,4,174
6,7,273~6,8,273
4,3,193~4,3,195
0,0,2~0,2,2
6,5,64~9,5,64
4,2,72~4,2,75
5,6,232~5,8,232
1,3,67~5,3,67
7,1,290~8,1,290
0,3,3~0,3,4
3,1,20~4,1,20
0,0,60~0,3,60
9,7,52~9,7,54
3,6,124~3,9,124
3,0,187~3,2,187
8,3,53~8,4,53
6,7,63~8,7,63
8,8,279~8,9,279
2,2,290~5,2,290
5,6,248~6,6,248
3,6,222~3,8,222
2,1,286~2,3,286
2,0,117~2,2,117
5,4,77~9,4,77
2,3,52~4,3,52
3,2,186~3,4,186
3,0,37~3,1,37
3,5,15~5,5,15
6,0,122~6,0,124
6,0,99~8,0,99
4,1,235~5,1,235
1,7,254~1,9,254
9,4,251~9,6,251
2,1,23~2,3,23
4,6,290~6,6,290
7,4,272~7,4,274
9,6,269~9,8,269
6,5,39~6,6,39
7,9,52~9,9,52
4,4,240~4,5,240
7,6,106~8,6,106
1,2,108~2,2,108
8,1,287~8,3,287
1,8,262~4,8,262
8,3,170~8,4,170
6,9,274~8,9,274
0,4,67~0,5,67
2,5,294~2,7,294
9,3,296~9,4,296
6,0,225~6,1,225
1,8,284~1,9,284
7,5,300~7,7,300
1,0,31~1,3,31
8,5,212~8,7,212
7,5,256~7,7,256
3,4,15~6,4,15
4,4,259~4,5,259
0,6,125~3,6,125
1,9,134~2,9,134
8,3,164~8,4,164
6,1,62~6,3,62
6,0,2~6,0,4
2,9,226~4,9,226
6,4,157~8,4,157
4,3,214~6,3,214
5,2,39~5,4,39
9,3,289~9,4,289
3,0,116~3,2,116
5,7,136~5,9,136
2,4,152~4,4,152
5,5,61~5,7,61
3,0,172~5,0,172
7,5,61~7,7,61
7,8,239~9,8,239
6,5,62~7,5,62
2,7,251~2,9,251
5,6,21~8,6,21
7,0,18~7,2,18
0,7,261~0,9,261
0,4,36~0,6,36
2,6,128~2,8,128
5,3,81~5,4,81
0,2,100~0,5,100
3,0,281~3,2,281
8,6,38~9,6,38
6,1,302~6,4,302
5,4,289~5,4,291
6,3,45~8,3,45
2,8,134~3,8,134
8,0,219~8,2,219
5,9,128~8,9,128
4,3,190~6,3,190
4,3,293~4,5,293
7,3,21~9,3,21
1,7,2~2,7,2
0,7,40~0,8,40
9,2,139~9,4,139
2,8,59~2,9,59
5,5,62~5,6,62
4,5,30~7,5,30
5,7,23~8,7,23
2,5,60~2,5,63
2,4,221~3,4,221
5,7,266~5,8,266
8,6,137~8,8,137
5,3,123~6,3,123
1,3,108~1,5,108
7,0,209~9,0,209
9,2,259~9,3,259
5,5,167~7,5,167
5,9,163~8,9,163
4,4,10~6,4,10
9,1,283~9,4,283
4,1,30~4,4,30
5,2,144~5,4,144
2,4,58~4,4,58
1,6,254~1,6,257
5,4,127~6,4,127
4,4,202~6,4,202
6,4,23~6,4,25
7,2,224~7,4,224
8,0,137~8,0,138
6,4,214~6,7,214
6,9,1~8,9,1
0,1,290~0,1,290
2,4,105~2,5,105
0,1,228~3,1,228
6,3,63~9,3,63
6,5,108~6,6,108
1,1,96~3,1,96
4,7,41~4,9,41
0,6,39~0,8,39
5,5,265~7,5,265
4,9,270~6,9,270
5,6,132~5,6,134
1,9,162~4,9,162
1,6,295~3,6,295
8,5,289~8,5,290
3,6,152~3,8,152
9,6,179~9,9,179
3,3,110~4,3,110
5,8,83~7,8,83
5,6,91~8,6,91
7,4,139~8,4,139
0,1,288~3,1,288
6,9,113~8,9,113
9,4,220~9,7,220
4,7,250~4,9,250
1,5,65~3,5,65
1,9,285~4,9,285
0,7,149~1,7,149
8,8,240~8,9,240
1,0,8~4,0,8
6,1,217~9,1,217
4,7,163~6,7,163
5,4,113~8,4,113
3,0,171~3,2,171
9,2,223~9,4,223
6,3,119~6,4,119
1,0,165~1,0,165
9,5,125~9,5,128
8,2,283~8,2,285
0,7,66~3,7,66
5,6,93~5,6,93
0,3,50~2,3,50
4,0,275~4,0,275
8,3,299~9,3,299
8,3,165~9,3,165
1,6,282~1,9,282
5,9,277~6,9,277
6,5,31~8,5,31
4,8,228~4,9,228
5,1,102~5,4,102
8,0,284~8,0,284
6,5,268~7,5,268
6,6,43~6,8,43
1,4,17~4,4,17
8,6,140~8,8,140
3,5,91~4,5,91
8,7,66~8,8,66
4,9,64~6,9,64
3,3,3~3,4,3
7,2,35~7,4,35
4,5,151~4,5,153
6,4,59~6,6,59
9,3,22~9,5,22
5,2,13~5,4,13
3,9,99~5,9,99
1,3,269~1,5,269
9,7,266~9,9,266
1,4,45~1,6,45
7,4,118~8,4,118
1,3,222~1,6,222
3,0,204~7,0,204
9,4,24~9,4,26
1,6,266~3,6,266
5,5,125~5,7,125
4,5,168~4,7,168
9,4,49~9,4,51
7,5,45~9,5,45
7,3,26~7,4,26
7,6,109~7,9,109
1,3,63~3,3,63
4,4,229~4,4,231
7,6,163~9,6,163
0,1,103~0,5,103
2,2,74~3,2,74
7,8,45~7,9,45
0,9,227~2,9,227
6,0,7~6,2,7
3,6,80~5,6,80
7,4,22~7,6,22
1,0,275~1,0,278
5,2,230~5,4,230
0,1,185~0,2,185
8,7,39~8,9,39
5,7,119~5,9,119
2,9,272~4,9,272
1,6,144~3,6,144
3,4,142~6,4,142
5,4,117~6,4,117
6,3,294~8,3,294
2,9,254~4,9,254
0,4,44~0,7,44
4,6,25~6,6,25
1,1,277~1,1,279
1,3,42~3,3,42
5,6,212~5,8,212
3,1,206~5,1,206
1,7,32~4,7,32
3,0,287~3,2,287
1,3,260~1,6,260
0,3,141~2,3,141
4,2,206~4,3,206
3,2,158~3,4,158
9,7,7~9,8,7
1,8,9~1,9,9
8,0,119~8,1,119
5,3,207~6,3,207
4,4,227~4,6,227
2,6,182~2,8,182
4,7,204~4,9,204
4,3,275~4,4,275
4,1,17~6,1,17
5,3,73~8,3,73
2,5,282~4,5,282
6,7,213~6,9,213
5,6,154~7,6,154
3,1,93~5,1,93
8,0,175~8,2,175
6,1,127~6,3,127
5,0,281~7,0,281
6,4,30~7,4,30
3,8,276~5,8,276
7,4,119~7,7,119
5,5,7~7,5,7
3,4,101~3,6,101
1,6,34~2,6,34
3,2,279~5,2,279
3,1,176~5,1,176
7,4,172~8,4,172
2,6,220~2,8,220
2,6,35~3,6,35
2,1,184~2,3,184
1,4,2~1,6,2
2,6,237~2,8,237
1,4,223~1,6,223
4,3,84~4,5,84
0,6,62~3,6,62
5,7,95~8,7,95
5,6,295~5,7,295
2,1,223~5,1,223
3,6,244~5,6,244
2,0,92~2,3,92
8,8,69~8,8,71
1,4,19~1,6,19
6,5,106~9,5,106
0,5,65~0,6,65
1,1,293~1,3,293
2,8,178~4,8,178
9,4,53~9,6,53
6,8,269~6,8,271
1,6,275~2,6,275
0,1,142~0,3,142
6,4,22~6,6,22
3,5,146~5,5,146
5,7,100~7,7,100
0,3,197~0,4,197
0,3,29~2,3,29
6,9,217~8,9,217
6,7,260~6,9,260
3,6,230~6,6,230
3,6,282~3,8,282
6,7,267~6,9,267
2,1,44~3,1,44
3,8,224~4,8,224
5,6,41~7,6,41
7,1,148~7,3,148
0,6,112~0,8,112
5,6,298~8,6,298
1,1,226~1,3,226
2,0,174~4,0,174
9,5,25~9,6,25
0,3,61~0,3,63
6,4,304~6,8,304
1,8,112~4,8,112
5,0,73~5,2,73
7,9,99~7,9,100
0,2,276~0,4,276
3,6,204~3,9,204
2,6,11~2,6,13
1,4,263~1,6,263
3,7,85~3,9,85
2,5,141~2,7,141
5,7,262~7,7,262
3,3,66~3,4,66
7,4,33~7,6,33
5,6,237~5,6,240
5,9,220~7,9,220
4,6,280~4,7,280
7,1,280~9,1,280
1,8,155~3,8,155
9,5,257~9,6,257
3,5,110~4,5,110
3,4,106~5,4,106
3,6,38~3,8,38
8,4,158~9,4,158
9,2,37~9,4,37
7,5,304~7,7,304
4,3,284~7,3,284
4,1,76~5,1,76
4,8,176~6,8,176
7,0,178~7,2,178
0,0,183~0,3,183
1,6,64~1,8,64
0,4,42~0,5,42
4,2,25~7,2,25
1,8,7~4,8,7
1,8,183~1,9,183
6,1,173~6,1,174
4,0,206~7,0,206
7,0,121~7,0,123
2,0,114~2,2,114
9,5,175~9,7,175
0,0,102~3,0,102
9,7,116~9,9,116
5,6,131~5,7,131
2,7,236~5,7,236
6,6,245~9,6,245
0,0,49~4,0,49
8,1,161~9,1,161
2,0,221~2,3,221
8,1,22~8,4,22
7,7,162~7,9,162
5,4,98~5,6,98
3,1,231~4,1,231
9,2,225~9,4,225
0,7,181~0,9,181
5,5,264~5,7,264
5,3,195~7,3,195
7,9,134~9,9,134
3,4,36~5,4,36
8,6,30~8,7,30
0,8,104~0,9,104
4,0,30~6,0,30
5,1,90~5,4,90
7,6,39~7,9,39
0,0,274~2,0,274
2,1,106~2,1,109
5,9,122~5,9,123
8,6,49~8,6,51
2,3,87~5,3,87
6,7,94~6,9,94
4,3,162~7,3,162
1,4,151~1,5,151
4,5,83~8,5,83
4,0,51~4,0,51
4,7,58~4,9,58
2,6,293~4,6,293
5,2,282~5,5,282
3,8,133~4,8,133
7,3,61~8,3,61
5,9,36~8,9,36
4,5,230~4,5,233
3,8,149~3,9,149
1,4,93~3,4,93
6,7,228~9,7,228
0,9,145~1,9,145
5,4,103~8,4,103
1,8,292~2,8,292
3,0,199~4,0,199
4,7,61~4,7,62
2,3,280~2,3,283
3,8,258~3,8,260
9,2,145~9,2,147
4,7,297~4,8,297
3,6,188~3,9,188
6,6,66~7,6,66
0,1,230~3,1,230
8,2,125~8,5,125
0,6,169~0,6,172
0,9,245~0,9,247
1,1,103~2,1,103
1,0,75~1,2,75
8,2,150~8,5,150
2,4,80~5,4,80
4,2,33~4,2,35
2,4,206~2,7,206
5,0,108~7,0,108
8,1,159~8,2,159
1,1,199~3,1,199
8,8,177~9,8,177
1,1,266~1,3,266
2,0,31~5,0,31
7,8,267~7,9,267
8,0,88~8,3,88
0,5,282~0,7,282
5,5,266~7,5,266
6,0,120~8,0,120
7,7,230~8,7,230
7,1,93~7,3,93
7,3,17~7,3,18
4,0,287~6,0,287
1,5,110~2,5,110
5,4,28~6,4,28
3,0,34~3,2,34
5,3,201~6,3,201
4,3,12~4,3,12
1,1,95~2,1,95
2,5,247~2,8,247
2,8,40~5,8,40
2,2,113~5,2,113
6,0,208~8,0,208
9,5,108~9,7,108
8,6,215~8,6,217
3,4,96~3,4,98
2,2,181~4,2,181
0,7,105~0,7,107
6,1,131~8,1,131
5,0,76~8,0,76
0,8,138~3,8,138
2,2,40~2,3,40
8,6,11~8,8,11
4,2,294~7,2,294
1,9,87~4,9,87
9,4,119~9,4,120
4,2,297~4,2,298
3,0,11~3,0,12
0,1,113~0,1,115
5,6,293~7,6,293
1,4,6~4,4,6
8,5,254~8,7,254
6,7,33~8,7,33
7,5,149~7,7,149
2,6,232~2,6,234
0,3,301~0,5,301
5,3,154~5,3,156
6,1,199~9,1,199
7,5,218~8,5,218
9,1,286~9,4,286
1,6,219~4,6,219
0,6,5~1,6,5
5,1,173~5,2,173
4,1,179~6,1,179
4,1,203~4,4,203
5,8,173~8,8,173
3,1,290~4,1,290
0,1,293~0,3,293
8,3,223~8,3,223
2,0,146~2,2,146
9,3,52~9,5,52
5,1,69~5,3,69
0,6,132~3,6,132
8,2,127~8,3,127
5,5,58~7,5,58
9,3,114~9,3,114
4,6,155~6,6,155
8,1,112~8,3,112
8,4,154~8,5,154
6,4,112~7,4,112
8,3,35~8,3,37
3,1,169~3,3,169
2,5,1~2,6,1
1,8,57~4,8,57
0,5,304~0,7,304
8,1,167~8,3,167
8,6,65~8,8,65
7,7,160~9,7,160
5,2,151~5,4,151
4,6,158~6,6,158
1,4,92~1,6,92
9,1,97~9,2,97
4,7,44~4,7,45
2,7,120~3,7,120
4,7,291~7,7,291
1,7,147~1,9,147
4,7,19~7,7,19
6,2,64~6,3,64
1,0,124~1,2,124
1,2,174~1,2,177
6,6,92~6,9,92
2,2,33~2,5,33
6,7,32~8,7,32
3,0,196~3,1,196
1,0,161~1,0,163
4,2,69~4,3,69
4,0,111~7,0,111
4,5,131~6,5,131
6,5,36~6,7,36
3,5,16~3,5,19
5,9,172~7,9,172
1,4,272~3,4,272
6,3,120~8,3,120
3,4,82~3,6,82
1,3,33~1,5,33
0,1,182~0,4,182
5,4,48~5,4,49
6,7,6~9,7,6
1,0,69~1,2,69
2,6,43~2,8,43
9,5,129~9,8,129
7,3,109~7,5,109
8,2,74~8,4,74
8,4,215~8,5,215
4,9,206~4,9,206
0,2,123~3,2,123
2,1,234~5,1,234
1,1,1~1,2,1
1,1,68~1,3,68
0,8,286~1,8,286
5,0,16~5,2,16
0,7,59~0,7,61
1,3,157~3,3,157
0,2,184~0,5,184
0,0,272~0,2,272
7,0,124~8,0,124
9,6,261~9,8,261
9,6,164~9,6,166
1,3,39~3,3,39
2,6,203~5,6,203
3,7,132~3,9,132
5,5,174~5,6,174
8,1,82~9,1,82
2,1,147~4,1,147
8,9,3~8,9,3
5,7,81~5,8,81
2,5,257~5,5,257
5,5,160~5,6,160
6,8,276~8,8,276
4,7,30~4,8,30
2,1,81~5,1,81
9,3,256~9,6,256
7,1,160~9,1,160
6,2,231~6,2,232
6,5,242~6,7,242
8,5,60~9,5,60
5,6,299~5,8,299
3,7,146~3,9,146
0,5,37~0,6,37
5,5,235~5,8,235
0,1,30~0,3,30
7,6,36~7,6,38
0,3,51~0,5,51
6,5,175~8,5,175
0,0,58~0,1,58
2,8,3~3,8,3
6,0,91~8,0,91
6,7,101~6,8,101
3,3,111~4,3,111
6,2,228~6,2,230
1,7,142~1,9,142
3,4,244~3,5,244
2,4,114~2,6,114
6,5,177~8,5,177
2,5,77~3,5,77
2,9,175~4,9,175
2,1,126~2,2,126
4,4,31~4,4,34
3,6,5~3,8,5
6,2,285~6,3,285