-9405
1055
9806
-52
9756
5575
-6868
9680
-3207
4001
-8161
-9566
-1226
1900
2866
4187
1654
3617
8849
-9914
8521
8120
-5169
-7619
-7535
7495
5664
-8496
-5686
-2536
3805
6796
8547
-1566
1763
185
-8474
-8685
-620
6756
8177
8512
396
-9955
3824
-944
2517
-8040
5240
3069
-6780
8507
-441
-5563
-6580
-871
-3887
-9017
-3223
8781
-2683
4879
3489
-2162
5845
-522
-100
-3908
-3454
9431
1772
8318
6915
-3412
-8940
3625
-747
-93
7892
1250
-8964
1441
1461
9017
3088
7405
1726
-4060
6932
4112
4094
-9703
-2374
6725
-561
-843
-1936
4973
2838
-6085
-9957
-6014
-6600
-1363
2675
8525
9136
-6674
-6646
-3119
7283
506
-5932
353
9108
-2531
-8120
-4082
-3503
5596
-3053
1505
6886
9246
-3775
3476
6760
-4143
-7524
398
-4137
162
8094
7805
8702
363
7621
-2204
-5146
6176
-6085
1571
6284
-8783
-5776
3058
5006
1497
-6818
-6673
-4238
-1158
-4137
5787
6159
-8251
-7193
-8504
-2985
7111
-6426
-609
-6221
641
-2569
-6092
8744
2435
-5082
4909
-9216
1782
7040
-7788
-772
8750
7263
-8535
-4503
-30
6088
5094
-6322
3881
1789
6819
6806
6914
645
7828
7906
2238
-8725
-9464
-5595
-21
7553
406
-425
-8323
1333
-6890
-4892
1430
-185
738
3954
-3225
-8835
1763
-2689
9783
-1373
-9036
-6711
4113
-9566
656
-882
6713
5430
-6962
9011
-6835
794
-5989
-3059
-5042
1891
8060
1506
-2931
-8422
5449
2100
8183
-7077
6008
-478
-2181
-7154
-4097
-3073
8379
4119
-3995
3688
-4285
-8984
-1382
-9586
-8689
-5951
-7672
-9527
-1209
9494
-311
-9911
-2943
6584
-8245
-7588
-4818
-415
2665
-1913
-722
-2275
1283
-8362
5972
5197
-4037
969
3077
-2136
1275
-6912
4990
7475
-5890
7854
6713
-9702
4488
-8139
8375
5985
3168
-284
717
7433
4494
-7269
8570
-9854
-6620
-3743
592
6279
-3641
4066
-5716
5860
3864
-9848
-6514
-9914
33
-3037
6748
7032
-6202
3727
9354
-4894
1159
3862
-2904
-4531
9754
-6899
2313
4221
3072
-2539
9685
7735
-5613
-7711
1248
5592
9657
8485
3497
-4761
-7093
-6502
-1559
1674
5270
-3271
6835
-8944
8021
-1786
7061
-4291
4693
-6545
-3385
-4813
4434
-4332
2268
5998
-4573
2276
3998
1726
513
-4798
1881
5867
-6235
8051
6967
-2987
-9350
8018
9650
-3844
3787
-722
-1539
-7652
-655
9058
-6608
-7223
-9285
8243
7793
-5926
5504
7480
-5263
-751
-1421
3016
5694
4908
5653
-1219
5815
-6743
7611
-5131
-1063
-2089
-756
7015
-311
-7577
-9882
9986
-1737
1237
-8256
1972
9577
-7076
-7985
-3085
8423
5422
-7802
-5350
4151
225
4847
-152
-156
7006
562
-3144
-5762
-1809
-4360
7553
9371
9982
5279
9567
8500
-3879
3599
-1063
6070
-8970
3536
2239
-4274
-2041
-1001
-84
8399
-326
-8869
-8141
-7123
-6355
8903
5954
-260
8243
-4391
-1113
4905
-4703
-8837
-7
-3424
1726
1410
-955
-7007
2575
6825
-6416
5186
-9214
-7071
4192
-1267
8144
-1719
3108
-1786
-6330
99
3733
-1887
3614
4540
-7596
2244
5132
-4000
6393
1065
-441
6611
5995
7529
-4868
4081
1972
5006
1775
3598
-1683
-6416
-6025
4719
9588
-6128
-4547
-5144
1613
-3756
-849
6655
6905
-8425
1577
-1417
-5168
-2442
-9017
7741
3868
-1935
5909
63
-9981
5511
7537
950
2457
-824
-8112
-466
-8147
2412
-6189
4332
-7651
-8883
-587
9192
2935
3860
4075
1335
109
2626
-5765
6760
3212
3097
9203
-4165
-1331
-8629
-9214
6315
-2286
3718
-3678
-4384
7765
1159
-7172
4766
3638
-6710
-4691
-4633
-7652
9195
6462
7079
-7530
-9772
8242
9397
6432
6412
2953
-3192
481
9338
1889
-1880
-5217
-9352
-9063
3375
-864
11
6725
7495
-2487
-5826
6397
-8013
-5762
6525
-9860
1247
9666
5961
3830
-9763
-4532
-4556
-2852
8529
-3250
-2807
7366
-620
-5573
3753
209
-285
9389
7912
-4603
6165
3342
-2812
9093
-477
-1383
-2117
-8189
1151
9833
225
6743
8307
-8307
-481
8051
6634
6069
-5454
-6745
-6236
-3650
7019
-5718
-2539
-7963
4909
-6227
2929
5048
-6085
7980
-9240
-3873
-6491
-1766
5816
-5230
1779
7941
8192
-52
545
2334
-1840
2723
2897
9196
-2796
-5648
-8091
5138
-3908
-5337
-5067
-6240
1222
-2124
-3950
5028
-3138
9691
6792
-4342
2614
-7445
5130
8403
801
3476
-5312
-7853
-7102
8861
-5551
606
4585
1590
660
-6457
1250
-2756
-8160
8988
3810
-5689
4488
-7689
-6555
-6128
5562
8670
4461
-7459
-9229
8045
3908
-4189
309
3600
-1687
-2971
6927
-6439
1099
-7574
1286
-7786
1557
1471
298
8782
-2157
9855
5646
3085
321
1321
8270
-1250
3025
-4363
3836
-8912
1643
3873
6932
2564
-3757
2289
-6110
-5821
-3733
-9007
-4678
-9871
-7985
4717
-5153
-9899
-4603
7894
6758
-100
2011
4245
-460
-2748
8675
5332
2775
4621
-4952
9490
5818
-9194
7722
2322
6743
4028
-4698
4831
-4342
-1555
1945
4930
380
1835
-4525
-3228
7824
-6453
9645
-4862
4778
1335
-7731
617
5315
-5956
-2962
2003
-7034
-5331
-4828
3465
2202
-605
-5862
-4919
-5182
7775
5007
-3973
-6308
-4184
8835
4386
-9733
7596
-7621
-2176
8213
4264
-2120
8247
8614
9420
-1853
-6650
-3767
8613
6525
-1735
-3997
-7276
7241
8402
1774
-3090
-6716
2542
2090
-4136
-2446
8490
5777
353
1505
8721
7395
-156
5699
2501
-9546
-5053
9365
6878
-2844
-3980
9840
3012
5058
5059
7624
6988
-6240
2436
-2992
4837
-5826
5261
-5535
9709
8664
8562
-5989
559
3166
-1761
4999
-1411
-3997
-5331
-681
-4094
-5512
7356
-9503
-1231
-1745
-9253
-410
8984
-9793
3899
-4065
-7930
3483
-253
3180
9783
7157
-9860
-958
6915
-7316
1650
-2096
-230
4644
5799
9259
2369
9597
9529
4861
7182
-1043
-1043
-7008
1978
-6762
2355
-7414
-4121
-8765
7636
-5459
-7052
6323
2992
-767
-30
-7750
4782
2621
-4282
-7349
-1347
2374
-3123
2675
1726
-8706
6336
9096
-3057
731
8857
5633
8711
1084
7091
-1149
-8412
7111
-2600
-4384
-3546
5037
-9856
9683
537
261
-7946
2760
-4693
5053
1373
-4619
-7346
-8533
-5652
-7346
282
-779
565
-5539
-319
-5149
1869
4465
8525
-2964
-6646
6359
-3973
2929
-5745
6849
-4457
2526
3629
-1419
-2417
-7867
-6540
4264
6570
7941
-6335
-6852
-7619
-4363
6905
6853
-5295
-1820
881
-9898
3617
5427
-4680
-7569
8431
-441
4938
-9800
-5610
8819
-6478
-3119
-5949
519
-9771
709
4736
8976
-5142
2412
-1007
5857
9848
1110
9631
-7600
6522
3054
795
6758
-6321
-7082
-9000
5575
5700
1162
6715
-1848
-3947
7651
-8006
-705
-7825
5672
719
-5886
-9051
5828
-4532
3956
-9108
-6737
3107
-7771
-7844
-3514
-4841
7828
-8205
-4147
9737
-6472
9484
5004
1439
-8544
2152
4601
-1984
-3154
894
3069
9774
-6117
3923
-8767
1635
8695
5597
-6673
8269
-2637
-8822
1707
5671
-8492
-7164
6689
-7912
5180
4698
-4513
6239
1897
8455
6697
7646
-8964
8563
3886
-7277
-7428
7090
-8226
5205
8895
2958
-9950
7638
-9840
4124
-9182
6650
1164
-5366
9262
-9051
2775
-6049
-1055
-5773
1379
-786
7539
5388
3102
-100
-9343
8761
5059
5448
-9952
-4754
-6291
8528
-4209
8756
-1444
-9340
1613
468
-9213
-8645
-122
-6277
6760
8057
3097
-6846
-5173
6347
1086
474
7011
1371
-2054
-3182
6651
255
-5610
6077
-3449
-8313
-3037
695
-6949
-2558
1925
5025
-2351
-1565
1086
311
546
9808
2433
-1988
5190
-3471
5383
-7775
-834
-834
-305
-3223
-798
7157
-2267
-1185
9910
5167
-419
-5372
685
-2920
7639
-40
3974
6558
-1256
-6402
-6827
7391
7070
-899
-8705
1467
2945
-8705
1195
9108
-9538
9561
-6621
9051
-8944
-3598
-7240
-3295
-2659
453
4111
-9499
-9988
-3967
-4065
-2681
-6272
-56
-670
-4196
-2622
-6650
-9377
-4065
4971
5440
-7331
-5765
4077
8871
9806
7903
-4123
5396
-5987
5750
7339
2111
6093
4670
6564
-6817
-2467
2562
-102
8360
3678
2675
3489
2991
-7828
7914
3689
-4714
6992
3453
-931
-788
-2643
7405
-4648
8094
-5837
6490
-455
-3578
-966
4058
-850
4186
-9057
-687
6560
4254
-1905
4628
-5114
8224
-7095
-2203
2504
9223
7540
4678
-2030
-3622
5799
7157
-326
2295
6612
5926
8174
-9550
-5040
-2065
-9945
-5315
3077
7806
-965
4408
-3250
3276
9983
-8396
7647
-2958
8670
5150
3780
2269
-1043
-9108
-9045
-705
1798
-2653
-132
1729
-5146
-2889
-644
-9572
2507
2769
5279
-8425
170
-1956
8462
-5620
3640
5505
-6186
3733
7283
-675
4233
-2852
-6092
8172
-2467
7553
368
6659
5272
7240
3782
-7656
3685
-6819
-9000
-2111
-6092
2884
2616
6602
7234
2104
-9392
3905
-286
874
-4568
-3404
2501
-3336
2212
5939
-4282
-914
9625
-3262
8544
3232
-4112
8561
1126
2897
2285
8071
-8775
-5417
3775
1926
3782
2910
1537
-2637
7236
-4342
-4619
-3811
9411
-7559
5995
-1980
6419
-2709
-4442
-4327
-630
-2576
1307
-3080
7480
-5871
-5780
-9495
7095
7531
6015
-1824
-6504
-3026
-107
-5515
-4338
-8167
3021
-5288
-5105
8632
7529
2526
-2426
9300
6856
-7546
1355
8719
5533
-1887
-4133
-6730
399
5833
8144
5427
5059
2284
-9390
1963
-4400
-610
-1905
9980
-9462
-3756
8699
-2178
-5666
-5252
-3707
-1533
5279
5205
695
-4242
-6416
-3822
-6645
5161
2331
-187
459
-6752
-7536
-7170
9041
8895
-7483
7618
-3263
-7942
798
4200
-8906
9700
-1263
-8679
8419
140
9909
-793
7503
-5072
6107
9020
872
-9370
-5337
-2417
8562
4280
2574
7791
5536
4513
9220
-1264
-7007
7746
-110
-9539
3308
3041
-5082
-8466
-2686
-5832
9783
-458
-4232
4282
4806
332
-2732
4495
-6588
6634
-5227
187
3181
6998
-7672
7423
1049
8490
-2009
-1202
-851
-1451
5413
-4326
6430
502
-834
-686
8346
9300
4120
2010
-4940
3549
-732
140
5793
1109
-1840
6221
-3708
7531
-6132
8933
-1781
1424
2454
7146
263
6895
6609
-6523
-4339
5237
-156
-6288
-5083
310
-4147
-2657
-7588
-6313
4585
-2007
5926
1531
8291
6787
-6188
2721
-2090
-1900
-1856
5847
209
7069
6730
-5417
-9538
7581
4971
4867
3436
-6747
6173
-8796
-1474
-2605
3640
4704
-4448
-5933
-9058
2892
4534
-3886
7414
4240
2503
6883
6239
6029
4120
-21
-2508
6212
5595
-3949
6427
-9194
-6808
-636
5282
8288
7401
-7080
-5352
4993
-570
-6931
1783
6455
-7762
2347
481
1376
3020
-5520
7562
562
5389
-2172
8329
8797
-788
-679
4121
-4488
-4991
-8708
1943
1257
-1856
-9131
-9077
-6397
-6266
5180
6001
-4961
1193
-3269
-9870
-288
6344
-6756
133
-3117
7079
5609
9014
-8689
-9836
8060
2351
2571
-8460
-7975
4532
7651
9847
4442
-3289
-5666
5773
-5635
-6621
1477
-3346
3400
406
8606
-1058
2809
6725
-4940
-4860
6053
474
5087
-4919
-582
4113
-4792
-1887
-5691
-358
8609
866
9834
3923
3511
-6128
9756
5038
-4624
5182
4434
-4439
-4239
5154
290
-211
-7387
8247
8500
9038
6886
-4317
4296
-5364
-7615
-1609
-4704
-2082
-4435
2708
-965
-6306
1729
535
-8321
1698
540
-3972
-9000
-9005
-2615
8750
7434
1963
8095
4855
5339
-8824
881
1527
3463
-2971
3757
5941
949
8930
-9865
-4383
-8890
-2079
-9436
6812
3240
715
-1084
9113
-3665
8184
3863
-2958
-8264
6716
-5890
-55
8717
5706
3536
-7389
7705
-3720
9980
-6321
928
4766
-6540
5139
4120
2499
-4383
2041
-9546
-2727
-2030
-4542
1963
-6853
-7
-1997
-8842
-8115
-7888
9431
-7064
-8238
2897
6480
7803
-5898
4766
2036
-2971
7391
1460
-3263
-1688
-288
-7387
-1761
9397
4028
-5221
-1703
3862
2612
-7008
-4342
8463
4820
4905
2704
-9506
6798
-9432
5272
-5013
-3428
2384
-4165
-7113
-3762
2730
2791
-6795
-5906
-1286
4704
5138
-2893
9517
2767
-2708
5660
3056
165
5482
4031
7446
3128
-4719
7446
5224
-7752
5298
-101
2
-7103
-4133
-4915
-6151
1230
6523
113
-6999
-311
7626
-4094
-4703
6242
-2074
5763
963
2220
-9293
2791
-2103
-7385
8421
-5448
7863
9389
9783
8589
-1669
7189
4514
-6522
7323
-4528
9965
-7724
1901
-2958
1222
-2442
3072
-9179
5876
-7577
7241
9814
-7530
-5135
2991
-7560
8588
3212
-2795
-3109
-4153
-9142
1049
8531
-3040
-2858
-2686
8103
5660
5553
-5331
8404
-3804
-4277
-1354
8585
-6361
3954
7307
7624
7948
3868
7457
1815
-2719
-2442
1143
-7238
7653
3100
7791
290
-3702
-2272
-7985
9374
1242
9060
1938
1176
-1116
2383
-824
-2051
-2924
-1528
-3502
-9422
-3617
4113
5524
-1801
-5817
8686
-2014
154
-4556
888
-549
4695
-2615
9191
1276
-4339
5070
-5916
-21
6284
-2507
3284
-9890
-9584
-2659
-142
9366
1466
1566
-455
-8652
8923
9658
-3382
-6211
-7572
2830
-4690
-3831
8764
1424
-5087
6350
3260
-6650
-5206
3203
-8589
4789
-4851
635
-7531
7487
-9642
2724
44
-4842
-1167
1689
2570
2606
-3996
-2390
9287
1154
-8527
-8237
3180
7868
8432
4145
-8475
-3890
63
365
3804
9328
-4090
8970
7498
540
-5566
-8455
-227
-8147
4906
7079
8149
-1839
-1020
5015
-6575
7954
-3473
-3142
-5350
-722
-5333
-568
2129
-1753
2552
-8465
-2573
5956
-8782
715
-5084
-9848
-6092
-58
6530
-5757
-5946
-8580
-7616
5703
-5141
8871
-6533
-9584
-3606
7529
8849
6792
999
2534
6439
-6491
6310
-5107
-4791
-9077
-6306
8190
6622
-1961
-5937
-2620
-919
-4572
-530
-6056
-851
-3394
738
-294
-3223
9955
5663
-5699
-700
7866
2778
6495
2409
0
-275
-262
8619
-2713
-5168
-4096
-8337
-8314
-5611
1030
2709
7061
6457
9130
-3788
-4274
4837
8437
-9852
332
317
-4116
6218
-7656
-3269
-8670
-3561
-6457
4722
-9518
7087
7323
-7890
-4889
-9351
-3599
6397
-7496
368
4369
823
3878
3213
3031
-1730
7499
-8885
5199
2377
-6261
-4433
901
-4809
874
-4380
-899
420
6330
-6822
1461
1578
44
2275
8784
7743
1536
-8062
6776
7842
3213
-1959
-6674
-158
8051
-8497
4799
7889
3381
3038
-8689
-4197
7244
-3540
-7886
-971
-2242
-3129
-8929
8702
-399
9226
-1940
7502
9336
-9657
-4665
-5885
1470
-9748
1801
-3085
-2612
2446
-4381
-9941
-7246
-7863
6730
2834
-8366
-1600
-8055
1325
-9194
1901
-7123
5337
1838
-2003
-4207
52
-1134
-8708
-6459
-4332
-2519
6530
-650
-9934
459
-1919
-5653
6413
5991
-1931
-1556
3824
8778
-6908
-752
-5454
-688
4671
4300
-6632
9633
5039
7884
1757
-8840
3718
4102
2482
-9296
-9928
9588
9733
1505
-1887
1729
-6109
-5456
-2136
4838
-5547
8291
2767
-8467
-1493
4908
-8686
-2294
6584
-7498
-5227
-7609
-2570
9167
4046
-6645
-9160
8219
9097
-912
5426
-2842
-9013
5909
9334
-3343
3012
-9472
2821
6025
7036
-6092
-3614
-710
7296
6036
5616
9313
1402
-3062
-4041
896
-3788
-5833
-855
-1839
5276
-9037
8124
848
970
-1144
6025
-5110
-6962
9786
6333
5732
-2359
-253
1847
1865
-2075
8305
-7633
-7488
6390
5821
2499
-6159
6052
6529
-2720
5742
8200
5338
-8135
-2269
2433
-8080
-21
-7929
8788
5583
-8118
3088
2254
1306
8675
-8386
-7121
-8976
7487
5706
3394
3021
9785
-3898
2935
845
-7003
-4842
-4384
4678
7926
-6666
6322
7157
-9280
-5364
487
4846
-269
9581
464
8256
-831
-5656
5135
6898
-5200
5426
-7886
5787
-1382
6766
-3758
-1915
1266
-3486
-6025
-4041
-4556
-2634
-927
1034
-3223
-4197
1945
-8792
-6783
-4522
-9606
7185
-5092
-5689
-3831
-7699
-5611
3996
-7752
8613
-2242
-914
3954
-7998
-8496
5379
-5146
6760
1193
-8165
9631
-2652
-6867
19
7544
2366
-4042
9329
-6696
2370
2941
-8135
-7484
7909
-8177
-7488
-9742
-8470
7592
-3758
5488
2458
-4828
-7889
-2286
5379
-1715
939
3971
7386
-4776
-6182
1712
-1859
5790
2444
3409
8820
2571
-1586
-2857
1195
5282
-7076
-824
-8735
-6747
-4066
-9575
334
7416
-1363
7953
4573
-7331
-5445
-5097
4304
3640
-8153
7391
-3908
307
-869
44
-929
3822
7258
-3678
-8868
6978
-798
1583
-5227
1237
9927
9817
-5722
-9671
9241
465
-5890
3706
4720
-8062
-6837
-2558
-9802
9093
-8466
-2159
-8167
688
-1624
637
7166
-5987
9892
6427
6129
4113
-2457
-8591
-3844
-6423
5744
-2014
-2871
6558
-2950
4736
-1465
-3290
-5109
6414
2879
5205
-9472
266
2319
-9926
7540
801
-2607
-1598
9679
-8267
-8801
1103
4697
7634
-8065
-8252
-4991
-1872
-5613
1460
2460
2827
5983
5243
-6712
7499
-5177
-8336
617
7533
8419
-8242
-7963
3008
7754
-6426
-8685
-9745
-6281
-4631
2657
-2053
-6823
9258
1799
-664
2862
7531
-4596
2315
9719
2209
3890
-1566
-4938
720
4704
-5686
9136
-1349
3787
-5199
-1999
3314
6914
4105
-3758
-3378
-7257
-6357
6333
203
2764
-132
-1298
1313
1677
-3937
3718
7352
-3995
-9302
-1936
-5826
880
-6229
7391
912
3204
-8432
-3129
-41
-1296
-6872
8961
7969
7124
9673
2463
677
-9702
-9107
2776
-1873
8512
1345
1434
-3669
6783
6123
2386
-4882
389
-9778
-1759
6725
-1736
-6159
896
-7972
-8341
9060
3739
-4232
9374
-5493
753
3882
-9864
5609
8588
-3842
7685
9872
2237
-3142
4616
6825
-9223
-543
9852
9253
-5331
2011
5015
4394
-2270
3784
6173
7685
8717
8048
-7084
-5237
4756
-1802
6589
-4648
-6645
-3310
1945
1788
-277
-2244
2724
-7697
5293
-688
-5937
-9538
-2448
-3319
60
-7193
4905
-111
-7489
5352
-4095
7849
4595
1972
7235
7475
-214
1783
-1444
6495
793
2331
-2479
-1426
5596
6655
-253
9673
8917
-9245
-9812
2517
996
-4543
5761
657
-6026
-4227
-771
2675
4978
6290
4079
3662
4531
3588
-6110
-7651
8516
-8639
5600
8895
-4915
7854
6093
266
-757
2497
4793
-9350
2844
8422
8897
2434
5342
-5900
-101
1688
-6308
952
8258
6123
-7711
5742
-7609
6430
9319
-843
7864
2308
9486
-3941
1295
-5687
3390
393
3276
-9398
1164
2183
8837
8061
8582
-4698
-3714
-4459
-94
-4776
2724
-9566
-4975
1740
-1199
-8851
9186
-1367
1985
-5862
-6673
6669
-9304
-2719
3531
-8051
9058
-9490
-6186
-5056
578
9840
-4047
2945
2757
-8940
-8929
2657
-2357
5856
7269
6271
550
-2698
7868
7828
4844
-6930
-6229
-4355
-3833
-7311
-5832
-4000
4944
-7874
6314
-5137
427
-873
527
-3295
2231
-6220
1736
8991
7907
-4910
-5511
-5996
-3057
-5608
-6045
-5241
-3852
-4895
7975
6689
-8970
8863
3731
2064
-1891
-3971
1412
7024
9371
-4153
-6592
5042
-7985
7114
8905
-969
4049
-3027
-6361
-4151
-6439
7892
7072
7564
-7731
-2050
-5726
2454
-6132
-1372
-6016
-6711
5126
-9088
-6200
-6574
5813
-6673
7220
-9048
4345
2888
-4964
-8379
-9993
9338
-4151
453
-9146
-4459
3987
5599
-4480
5422
3310
-4986
-7187
1366
2209
4240
7941
2713
-4487
950
-3771
-19
6452
-7109
-6752
-7277
-8890
-4760
9927
9215
329
-3862
-474
-7940
-5826
958
9334
-2158
-3286
2975
-2791
-621
-5967
7898
6480
9810
-3755
-6163
4772
-1250
-1999
-4390
5825
-455
-6907
5962
-1321
-4975
8168
-3270
8241
2305
3759
2422
9136
-6085
1140
-7858
-4439
4772
-9680
307
6031
280
-3744
821
-9064
-7629
9290
8614
-8160
4804
3222
8923
-8031
3930
-4339
4442
3321
6370
5158
7596
-4342
4122
3489
-3609
3565
-2630
8562
8288
6305
-1367
9833
591
-2361
-706
622
-8300
-6268
5897
-670
-8133
7634
-5563
-1063
-9725
-9586
8014
5953
5254
-6565
8358
8857
8685
-3558
-3138
-2479
3178
6729
-2905
-2664
-6650
1462
-455
656
-7277
9691
2715
-4785
4140
9097
4908
-1227
-1286
-2572
-9090
-3693
7391
-4573
-8298
719
8658
-3340
-7241
7593
-5315
894
-6363
269
3050
-7387
-4307
8575
-7892
-4561
-3712
1570
2606
3502
-5663
6533
-6266
1298
-2467
6438
466
8067
-985
-9706
-1737
-4902
4094
-4348
-4919
1644
5460
5389
3356
9400
-4785
1299
6041
3771
-4679
2733
3108
-2591
2791
601
-8504
9014
8143
8282
-2210
-9725
-3021
-7111
-4903
-4065
9411
8323
-1329
6333
-6912
428
2397
3805
9631
-5508
3137
-340
4046
-840
-3062
823
-4334
-7985
9429
-7536
5773
-3137
-4464
2636
7779
-746
-5566
3435
9699
-12
1621
-4277
2917
9025
-6677
7306
7594
-1463
-2360
7462
-6154
-262
4821
9321
-7304
1095
-913
5585
-5214
2092
-7176
-882
6087
3522
-4808
5939
-4791
9215
2237
5595
9833
7513
-4624
-3856
-5379
-5083
7985
-8165
9909
-6765
-5113
1430
-882
-5563
-7412
-514
-8402
-4556
-7866
-510
9979
3580
-6390
2769
4971
-7614
-9340
-8696
4354
6835
-3889
6581
1748
-7418
-7366
-4473
2752
-4082
-3795
816
-7004
7513
1103
8291
-570
6003
-2613
8120
-2619
5980
-2702
1527
-2576
-3088
-7478
-8632
6762
5609
4052
-9237
-65
9498
6719
-2442
-3756
9452
3473
3964
-6047
-45
9438
4239
1390
-3893
-458
5671
-3019
-3142
6560
3836
4756
-455
8484
-270
816
5935
-288
-5697
5972
-7711
-8984
-3973
-7243
-4394
9986
-5582
4121
116
5966
-2893
853
-7117
-4776
8976
-8209
-9239
-8024
-8220
-6777
6529
-4546
9258
3090
9097
7495
-2293
-1010
8805
9529
6488
-9967
-9483
2734
9044
-4731
-662
3712
813
-438
8282
4368
1609
2595
-9580
-4952
2624
-3180
-5187
-2104
-4409
2305
1474
6825
-2003
7248
-6456
-438
-1598
4333
-1176
8801
5338
6351
8040
8917
7974
4624
3317
4588
3203
-661
-670
-4291
8764
-6502
5260
5990
1768
3785
-3503
4248
6584
9374
1456
-7024
3583
-5747
7234
-807
-4391
-9581
1813
-950
-1613
-5610
9343
-9432
7907
2992
-6287
-3293
949
5224
6650
3887
4368
8211
5536
-7077
1992
4847
-2417
-646
9411
-8048
-3471
7304
-6238
-9774
6191
9144
9529
1537
5731
2377
-7677
3213
5048
-1204
-8469
7161
-2383
-5568
4113
-6822
2140
3192
5220
65
463
9683
2031
3020
-8703
5590
9503
-6563
7581
-545
6608
36
9498
-746
-7858
-3949
8034
-1105
4267
-8745
4316
-3890
-4442
-7277
1708
-5178
-9948
9136
8233
-2286
-6837
-4528
9334
2146
-9353
3189
1726
-2905
7637
-2756
-286
7398
4799
5025
9481
9058
2953
290
-1510
5594
-964
-3380
8756
-9566
4112
-2424
2599
-4828
6008
-4558
-8886
4079
-7189
-7683
-2684
-5073
7348
-8593
1081
7269
-3640
-30
-7706
890
6487
5426
793
-5826
5858
-8598
8014
-2213
8057
8307
-3975
3058
896
8604
-9742
-9013
-8709
-1884
-625
-670
-8621
-5656
-286
6661
2267
3718
-2357
8049
-2625
-4066
-1872
-159
-7051
-180
8834
-965
8700
7457
-8536
5714
-4755
-8280
-6600
5600
2260
-6704
-3614
2738
-2433
9510
8184
870
-5166
7539
-8466
6010
-572
-4137
4633
-1688
5401
-518
-9107
3063
-5487
-543
9484
5205
-3969
3822
-6363
7839
1531
-9566
591
6682
6015
3372
-2466
-572
3342
9624
-3085
6762
-871
-4977
-5480
-6632
8151
5202
-6596
6944
5138
-1962
3212
7733
6165
7960
-9692
-5817
6266
5000
-8921
-8116
2501
-2931
5941
5087
-6277
-950
2107
7230
-3757
4533
4784
1472
-8023
1583
4930
1576
-6293
-2014
44
-545
6686
-8851
5746
-8432
1798
-6248
-1421
-8117
-7080
-2597
-7400
3792
813
-1250
1087
9008
-7788
-9377
4152
1462
-2861
9708
-7938
1516
1606
-6377
1819
5904
9371
7630
-267
3226
3142
7639
8528
6922
8233
8975
-5739
9683
-208
-4237
-1839
-6186
-1435
-2746
-9747
-4574
106
5995
3766
-7316
-9143
-2773
-5449
995
-474
-1401
4621
4480
-7141
-3953
6363
2606
-486
1770
-9941
-5845
3135
3263
5825
8174
-7389
-5227
-1745
368
4982
-431
9375
2562
6494
5430
3345
-9692
-7677
-4144
-2359
-2013
-1073
823
6717
-5470
-1620
-965
-8536
846
-7202
-8037
-9876
4322
9305
-7426
-8278
-7946
9041
8740
4475
-8391
9754
201
2236
-8255
-5765
7234
-1566
8218
-9934
7401
-8097
8756
-3290
-5539
591
-9812
-3822
3745
8561
-6501
2137
4111
8060
8902
3643
-6269
-3669
-7900
-1471
-3422
9083
6054
-369
-9495
-4798
918
-5293
3097
5737
8522
9847
-1547
4416
-9062
-9733
7476
-2713
9718
5483
7279
-9153
1819
7507
-3170
2041
-2962
7636
8759
-903
5562
-3025
9683
-4021
8699
-4480
2799
4073
1443
-9051
-2861
-873
-7169
-4413
9163
4203
8192
-6109
-9100
3053
-8192
-6545
5577
-669
-7930
-5570
-8211
-418
-9755
-6123
1002
-6240
-9738
7453
-9226
-4882
-610
-7024
-5686
-2145
-21
-4048
-7385
-3831
-4889
-9967
-4223
-4015
-3614
2313
-4550
-6505
2182
-9284
2269
3569
5868
-3207
9349
-2900
-2891
-8679
6669
4850
-8278
-8851
7635
8819
2888
-2681
-6010
6719
9302
1705
9185
577
-5915
4086
-2448
3979
8634
8556
-4295
3247
-9952
7247
-5260
-4623
4121
7410
-4758
-1359
-6897
4807
1191
1735
-2385
4601
9897
9418
4335
-6390
-4232
-8955
8024
-631
7187
6688
-6448
-1313
3853
221
2600
-1150
-2871
4245
-6574
-9223
-2808
-5582
7651
4621
1062
791
-1274
8849
3759
2765
-7002
9409
5902
3360
296
-1790
7863
-3432
7010
3153
3060
3458
7626
-2284
2324
2594
-4381
263
-3074
-9131
9934
5817
-3055
-4227
-2104
6890
-6650
-9048
-517
4304
-5636
-6099
8052
-5431
7059
8158
-8235
8900
-7084
1065
8496
3805
4497
-6645
8933
8582
-1063
-6278
-5411
-3422
-5946
-174
5338
7996
1749
-5315
355
-9495
5867
-7892
-3978
7529
8279
7227
-7855
8403
-6456
8562
-8040
5560
9919
6529
-5430
131
4721
-5822
8024
-6705
995
-8706
-4572
-8502
5460
-5070
7941
9814
1065
-2
7559
-2164
3862
8673
-5602
-3406
-2497
8190
-54
3313
2057
4605
2734
-3783
-3984
-3224
7528
3999
9756
-4331
-4961
9807
-6646
-5760
4001
697
-4665
3278
8329
-8399
9397
6856
-8668
7401
-2062
393
-5574
1947
-1250
-294
6118
2626
6487
9349
3008
4392
-7764
-4250
-5579
7079
-6748
-7184
-1563
119
-9738
-8400
8707
5766
-4239
1329
-4619
4166
-2576
-3504
7517
2244
2521
-5686
2636
-6945
-2881
-6565
-3592
-5115
982
1701
-969
208
-8521
-3950
2934
3384
8562
-7395
9733
5902
-1431
8562
-1959
6284
8357
4210
-9206
-2533
-8750
4793
-1682
6310
8227
-3606
4343
-6189
-8250
7025
-2429
7983
695
3864
5655
257
2031
3562
184
2463
-8531
-2742
-6794
-4241
8359
892
2704
6333
-5748
-8630
-5054
6895
-1786
455
-1267
-7366
-5831
9182
4982
9305
8639
870
-2380
6896
-9733
-3262
-2801
-7208
3761
9072
-8007
109
3886
1119
-6238
7342
-5578
8571
-6258
-2613
7065
8419
-8379
4312
5284
-1793
-6588
5533
-9529
4127
-1972
-8210
6660
-803
5918
-2178
3459
2657
-893
3005
311
8057
1155
-52
6290
-5261
-1519
-4522
-7104
7702
504
716
3863
-9888
-5826
7249
9091
-806
-7892
8205
-7859
-1519
1915
9648
8561
-1150
-7913
-6710
9253
-1116
3213
7759
-3947
313
-386
-9316
5048
-4561
9321
2542
-6092
-4566
9260
2991
-6494
6564
-5687
-2616
2430
8236
-5412
-7102
9648
8567
3889
9833
5779
6914
4111
-115
-1329
8734
-9871
4983
-5756
503
-3372
9640
-8313
-4472
7318
7892
-7210
7446
-9738
9932
5817
-6804
-1634
813
7975
-411
-7446
-5234
4124
5910
6513
-2893
6725
-4319
-2431
-6458
6677
8849
1874
-2385
-1392
-1721
-5817
406
7722
6310
-2359
-4855
2358
-5832
5463
8403
7145
-4925
-6514
7663
-7616
-5073
-6608
9766
5585
7620
-6047
-1390
9461
-1998
-893
-4767
-4629
5342
89
-4564
-6129
1376
-2626
6650
-561
-4223
-3303
-9188
9554
-490
2374
-5863
3649
3726
-4391
8562
-5478
-5487
7020
-1464
9484
970
9691
2610
5672
-3664
-5812
-7714
-1909
-7259
44
6118
-5685
4934
3881
-1669
-4748
3606
6065
6351
910
4058
-6381
9498
-5687
6535
-2931
-9032
5616
458
-3728
5192
-4530
-5826
3060
-9506
-3119
-4791
6725
3954
4624
-6952
-9875
-7105
-4555
1570
-7385
-8065
2760
-9870
1746
-139
-1935
5205
-54
4371
-1435
6346
1571
-8093
9748
-8358
-3129
-589
6807
263
3091
-3985
6628
8852
-9660
-7164
2577
2857
-4818
-7677
6845
-5529
-3666
63
3440
1
5261
5022
-8750
-5686
9742
3661
-8556
6173
-2850
6335
4109
-675
298
2641
-4145
5204
3391
-1528
-2136
-8527
-6164
7974
1682
-7071
106
257
-3855
4796
1073
-5429
-2247
-7946
-7725
-286
3550
7195
6081
-9179
-4683
-7077
-9897
-2719
7087
-6803
-6999
7230
-3702
8242
5008
1726
-174
2838
-7714
201
2565
-8578
6443
2564
-8460
3824
-6174
-2607
1844
-7135
-5278
-2829
1086
3761
6690
3948
-7863
8422
-8553
1422
5145
1275
8112
-8905
4105
-5898
-1766
-6472
-574
2009
-126
5832
8057
-4619
-5146
-55
-5580
-9993
-3025
-8516
4603
-6535
-5752
6798
-2155
396
-2616
172
-5459
-7699
-7536
-9013
9713
4748
-6327
-8494
1851
-7278
-5449
-1492
1691
7428
-4700
2938
-2016
6689
1604
-4698
9876
8095
3512
9175
352
7143
-8428
4283
-4572
6494
-2713
4704
6416
6529
1416
4300
466
7369
7212
-8007
-7398
-6500
-7176
3581
1372
9449
481
-3605
-6313
5699
-5602
-6497
-5356
-3106
-3394
-7457
-9706
6046
4467
-1376
-2365
-2965
-9592
2063
-4327
-7366
4952
8139
4059
-8923
4042
-4106
-570
-1609
1086
2086
-2380
-1766
6172
-7022
-4137
-3228
-1308
3985
8410
-1363
-9660
9875
5348
2441
-4457
4872
4427
-3422
6333
-7319
-1526
-8624
4680
8113
-789
2570
-6505
638
-8023
-1010
6978
6566
9366
-5494
9679
4376
9563
-9402
-890
-7985
3923
-7988
-7725
-7600
-7985
9733
4670
8250
263
-400
9742
3314
-7278
-6673
8184
3633
6737
-5169
-9176
2
789
1629
8291
-657
-7
6310
-1167
-4528
-5656
-3824
9384
-8313
7660
3535
-2905
-563
-3223
-2904
-2653
3732
175
-3150
7941
4903
-5566
317
-7658
-4942
6096
-9298
4772
-3832
-3660
8192
5601
104
-7410
-4572
8740
-7603
9697
5460
-6863
-1795
1815
3428
8184
-3163
-2742
-3283
4809
-6581
-1880
-1624
-4843
690
1621
3309
-770
-7001
-5656
-4242
7475
-9350
-6475
-8349
9328
-6155
-8769
-1820
-9026
-6624
9195
-8588
-6714
7210
-803
9186
-7128
-7034
-8147
6262
675
8266
-6351
-4547
5715
6817
-7361
546
1430
9427
2738
9538
-5729
-2036
7279
3527
9380
-4975
298
6915
-7113
-2106
6077
925
7475
3955
6075
9837
9798
4893
7529
-2677
-7071
7305
9227
-4360
6492
4052
7230
2902
1773
-1149
-7081
-4039
-8160
1073
-113
5787
-1318
-3001
-2602
-5295
1118
920
-2951
6892
8805
2
-1437
-1840
5579
2636
7391
-1770
7775
1537
-6808
812
-650
-166
9675
-9040
812
-2121
-2244
9374
-6972
5188
2761
5799
-8807
803
4882
8422
6356
396
3939
1629
6299
5051
-5217
-7385
-228
-3473
-1246
-7834
6565
-1773
-7615
-3795
4113
-8343
2929
5497
-5512
-1457
-1624
-2771
370
2646
8177
-4274
8086
-8727
2973
4146
9304
8404
-8765
-7619
-6351
-8684
-191
296
7241
-9993
3409
-2030
3526
-6062
1479
2812
6363
6644
-3040
-5487
-1149
-4677
-6416
-5561
5918
5430
-9225
1337
2299
-3752
5679
2503
-2265
-834
-4809
-4714
-1983
7242
-7076
-572
3857
-31
-2613
-7762
26
-21
-1872
-5676
-8504
-6261
7147
6608
3071
3350
5279
1735
3729
1424
-5863
-9720
-1715
5665
5387
6232
-369
9490
-9738
-9011
3921
-545
1931
-1491
-3502
2009
2396
8930
-6314
-5645
-8766
4003
4644
-1363
9300
-3786
5182
4981
7615
9413
-2770
-6475
-6629
-3085
-1150
-729
9774
4316
3853
1338
7409
-8395
9486
-9293
-3637
-3783
-9351